    0.5859    0.3392    1.0000
    0.5326    0.2484    1.0000
    0.5589    0.3707    1.0000
    0.5073    0.2831    1.0000
    0.5209    0.3231    1.0000
    0.4933    0.4485    1.0000
    0.4861    0.4537    1.0000
    0.4297    0.1864    1.0000
    0.4513    0.5009    1.0000
    0.5244    0.2811    1.0000
    0.4972    0.1982    1.0000
    0.4703         0    1.0000
    0.5717    0.1753    1.0000
    0.5502    0.3712    1.0000
    0.4943    0.2686    1.0000
    0.5548    0.1094    1.0000
    0.4635    0.5091    1.0000
    0.6012    0.5958    1.0000
    0.5132    0.3451    1.0000
    0.5450    0.4192    1.0000
    0.5361    0.5576    1.0000
    0.4830    0.2971    1.0000
    0.5596    0.2692    1.0000
    0.5400    0.4545    1.0000
    0.4802    0.3536    1.0000
    0.5231    0.3112    1.0000
    0.4609    0.3141    1.0000
    0.4995    0.3856    1.0000
    0.4464    0.5207    1.0000
    0.4861    0.4337    1.0000
    0.5035    0.5449    1.0000
    0.5595    0.5324    1.0000
    0.5054    0.3976    1.0000
    0.4778    0.3023    1.0000
    0.5126    0.2699    1.0000
    0.4626    0.4323    1.0000
    0.4849    0.4996    1.0000
    0.5807    0.4261    1.0000
    0.5184    0.4466    1.0000
    0.4781    0.2607    1.0000
    0.5084    0.2474    1.0000
    0.4840    0.0502    1.0000
    0.4824    0.5994    1.0000
    0.5033    0.2285    1.0000
    0.4934    0.4158    1.0000
    0.5189    0.5395    1.0000
    0.5811    0.3774    1.0000
    0.5000    0.1478    1.0000
    0.4977    0.1155    1.0000
    0.5505    0.5477    1.0000
    0.5483    0.2360    1.0000
    0.5386    0.4085    1.0000
    0.5145    0.4983    1.0000
    0.4642    0.5519    1.0000
    0.5423    0.4142    1.0000
    0.5011    0.4393    1.0000
    0.5199    0.3748    1.0000
    0.4924    0.3913    1.0000
    0.5323    0.3054    1.0000
    0.5011    0.2933    1.0000
    0.4882    0.3459    1.0000
    0.4517    0.3072    1.0000
    0.4672    0.3811    1.0000
    0.5891    0.4459    1.0000
    0.6038    0.3705    1.0000
    0.4687    0.4918    1.0000
    0.5080    0.3323    1.0000
    0.5155    0.5453    1.0000
    0.4939    0.2238    1.0000
    0.5920    0.3840    1.0000
    0.5370    0.1788    1.0000
    0.4861    0.2554    1.0000
    0.4590    0.2327    1.0000
    0.5169    0.4328    1.0000
    0.5157    0.3221    1.0000
    0.4536    0.2579    1.0000
    0.5420    0.3807    1.0000
    0.5153    0.3609    1.0000
    0.5699    0.3125    1.0000
    0.5028    0.1972    1.0000
    0.5350    0.4646    1.0000
    0.4847    0.3891    1.0000
    0.5134    0.4566    1.0000
    0.5652    0.5544    1.0000
    0.5737    0.1941    1.0000
    0.5165    0.4051    1.0000
    0.6227    0.1967    1.0000
    0.5091    0.3275    1.0000
    0.5684    0.3824    1.0000
    0.5235    0.1716    1.0000
    0.4985    0.1843    1.0000
    0.5924    0.4004    1.0000
    0.5252    0.3800    1.0000
    0.5012    0.4948    1.0000
    0.5049    0.1068    1.0000
    0.5269    0.4465    1.0000
    0.5125    0.4348    1.0000
    0.5156    0.5712    1.0000
    0.5056    0.3620    1.0000
    0.4713    0.3927    1.0000
    0.3969    0.6529   -1.0000
    0.4997    0.6253   -1.0000
    0.6145    0.6757   -1.0000
    0.3320    0.5039   -1.0000
    0.7422    0.6712   -1.0000
    0.6166    0.7074   -1.0000
    0.5841    0.4846   -1.0000
    0.3530    0.6942   -1.0000
    0.5093    0.5881   -1.0000
    0.5632    0.7786   -1.0000
    0.3134    0.7212   -1.0000
    0.7288    0.7215   -1.0000
    0.3189    0.4463   -1.0000
    0.6136    0.6592   -1.0000
    0.3591    0.4824   -1.0000
    0.4365    0.7022   -1.0000
    0.6209    0.5050   -1.0000
    0.4876    0.7618   -1.0000
    0.3055    0.5633   -1.0000
    0.5045    0.6634   -1.0000
    0.4652    0.6846   -1.0000
    0.5169    0.6077   -1.0000
    0.6240    0.9038   -1.0000
    0.6935    0.8115   -1.0000
    0.4746    0.5450   -1.0000
    0.2421    0.3786   -1.0000
         0    0.3986   -1.0000
    0.3703    0.5379   -1.0000
    0.2052    0.3653   -1.0000
    0.4195    0.6296   -1.0000
    0.6245    0.7295   -1.0000
    0.7032    0.8505   -1.0000
    0.6193    0.7169   -1.0000
    0.3494    0.5752   -1.0000
    0.1441    0.5080   -1.0000
    0.7506    0.7940   -1.0000
    0.4111    0.6443   -1.0000
    1.0000    1.0000   -1.0000
    0.5417    0.6293   -1.0000
    0.4302    0.5717   -1.0000
    0.4591    0.5701   -1.0000
    0.8040    0.8174   -1.0000
    0.5638    0.5177   -1.0000
    0.6830    0.6583   -1.0000
    0.8162    0.9663   -1.0000
    0.4396    0.7677   -1.0000
    0.6904    0.6433   -1.0000
    0.7551    0.7890   -1.0000
    0.5670    0.7881   -1.0000
    0.4979    0.6236   -1.0000
    0.4478    0.7395   -1.0000
    0.5625    0.5967   -1.0000
    0.5467    0.6256   -1.0000
    0.5842    0.4907   -1.0000
    0.6040    0.6002   -1.0000
    0.3458    0.6543   -1.0000
    0.6056    0.7611   -1.0000
    0.5367    0.6094   -1.0000
    0.4711    0.6503   -1.0000
    0.8004    0.8087   -1.0000
    0.6046    0.7886   -1.0000
    0.5504    0.4580   -1.0000
    0.7656    0.9903   -1.0000
    0.7555    0.8650   -1.0000
    0.2841    0.5296   -1.0000
    0.6173    0.6546   -1.0000
    0.7234    0.6700   -1.0000
    0.6709    0.6222   -1.0000
    0.7934    0.6438   -1.0000
    0.3916    0.5639   -1.0000
    0.7594    0.6684   -1.0000
    0.3732    0.6763   -1.0000
    0.6911    0.7245   -1.0000
    0.5197    0.8066   -1.0000
    0.5781    0.6949   -1.0000
    0.6548    0.6399   -1.0000
    0.7421    0.8505   -1.0000
    0.3814    0.7317   -1.0000
    0.5811    0.6558   -1.0000
    0.5347    0.6277   -1.0000
    0.7017    0.8522   -1.0000
    0.3758    0.5943   -1.0000
    0.6108    0.6761   -1.0000
    0.6463    0.8315   -1.0000
    0.3623    0.4357   -1.0000
    0.3733    0.5140   -1.0000
    0.4653    0.7477   -1.0000
    0.5063    0.7569   -1.0000
    0.3610    0.7034   -1.0000
    0.5295    0.7369   -1.0000
    0.1831    0.4700   -1.0000
    0.5208    0.5737   -1.0000
    0.3097    0.5304   -1.0000
    0.3356    0.5719   -1.0000
    0.2680    0.4260   -1.0000
    0.3781    0.7262   -1.0000
    0.3081    0.6490   -1.0000
    0.6545    0.7205   -1.0000
    0.3690    0.3915   -1.0000
    0.5494    0.4866   -1.0000