    0.2902    0.7929    1.0000
   -0.6191   -0.4444    1.0000
   -0.0528   -0.3174    1.0000
    2.1835    1.7284    1.0000
    1.4364    1.9689    1.0000
    1.7677    1.4611    1.0000
    1.2497    2.0990    1.0000
    0.9299    1.4112    1.0000
   -0.1006   -1.3216    1.0000
    0.6062   -0.6158    1.0000
   -0.4725    1.4068    1.0000
    1.8203    1.7725    1.0000
    2.0674    2.4846    1.0000
    0.3734    0.4878    1.0000
    1.3074    1.0554    1.0000
    0.6459    0.4806    1.0000
    0.7246    1.5921    1.0000
    0.7221    1.0341    1.0000
   -1.5763   -1.6338    1.0000
    0.2989    0.7127    1.0000
    1.6162    2.4316    1.0000
    1.2348    1.0424    1.0000
    2.0134    1.8061    1.0000
    1.0551    0.8753    1.0000
    2.5536    2.5580    1.0000
    1.2781    1.1931    1.0000
   -0.1811   -0.0018    1.0000
    0.3342   -0.1483    1.0000
    2.2821    1.8569    1.0000
    0.5285    0.6144    1.0000
    0.9522    1.3030    1.0000
    1.1126    2.1311    1.0000
   -0.2676    1.1220    1.0000
    2.2957    2.8969    1.0000
    0.9920    0.5845    1.0000
    1.4099    1.2646    1.0000
    1.1028    2.2332    1.0000
    0.8546    1.2635    1.0000
    1.5716    1.4156    1.0000
    0.8398    1.3862    1.0000
    1.6526    2.4863    1.0000
    1.2796    2.0038    1.0000
    0.2614    0.0006    1.0000
    2.3260    2.2281    1.0000
    1.2524    0.9900    1.0000
   -0.0053    0.2102    1.0000
    1.3140    1.3417    1.0000
    1.4954    1.1900    1.0000
   -0.1844    0.9143    1.0000
   -0.0354   -0.1115    1.0000
    0.8018    0.8692    1.0000
   -0.4899    0.2836    1.0000
    1.2002    3.2107    1.0000
   -0.0493    0.3567    1.0000
    0.7387    0.3309    1.0000
    0.2842   -0.3348    1.0000
   -0.0696    0.3395    1.0000
    2.2284    1.9512    1.0000
    0.5182    0.3528    1.0000
    1.3644    1.9644    1.0000
    2.7425    2.2615    1.0000
    1.7610    1.2486    1.0000
    0.3402    0.6947    1.0000
    1.4051    0.4936    1.0000
    0.1447    0.2428    1.0000
    2.5977    3.0165    1.0000
    0.4651    0.7292    1.0000
    1.4744    1.1062    1.0000
   -0.7218   -1.1796    1.0000
    1.1511    1.2544    1.0000
    0.3680    1.5227    1.0000
    0.6864    0.7791    1.0000
    1.0597    1.4462    1.0000
    1.1573    1.1458    1.0000
    0.0729    0.6265    1.0000
    0.4105    0.3957    1.0000
    1.2826    0.7859    1.0000
    0.5378    0.2686    1.0000
    0.5668    0.6466    1.0000
    0.6764    0.5198    1.0000
    0.4217    0.6184    1.0000
   -0.3958   -0.5473    1.0000
   -0.2311   -0.0414    1.0000
    0.5834    0.3756    1.0000
    1.8936    2.2887    1.0000
    0.9643    1.5223    1.0000
    0.9528    1.1063    1.0000
    2.5143    1.9869    1.0000
    1.2768    1.2759    1.0000
    1.3674    1.5163    1.0000
    0.5339    0.5092    1.0000
    1.2532    1.7605    1.0000
    0.5071   -0.0860    1.0000
    1.2482    1.6253    1.0000
    0.2999   -0.1333    1.0000
    1.8833    1.8361    1.0000
   -0.0766    0.1122    1.0000
    0.3601   -0.1534    1.0000
    0.8783    0.4001    1.0000
    1.0969    1.4026    1.0000
    3.7271    1.9523   -1.0000
    4.0033    1.2679   -1.0000
    4.0288    2.8123   -1.0000
    4.2202    2.5807   -1.0000
    4.1548    3.9256   -1.0000
    4.3466    1.4805   -1.0000
    4.3285    1.7534   -1.0000
    4.1210    1.2872   -1.0000
    2.9983    0.2446   -1.0000
    4.2194    3.2552   -1.0000
    4.0112    4.1088   -1.0000
    4.2392    2.6401   -1.0000
    3.9639    2.0017   -1.0000
    3.8767    0.8867   -1.0000
    3.6192    1.5046   -1.0000
    4.2479    2.1040   -1.0000
    3.6804    1.6930   -1.0000
    3.5507    1.5422   -1.0000
    3.4465    2.2708   -1.0000
    4.9436    3.5040   -1.0000
    4.6606    2.9831   -1.0000
    5.2924    3.3801   -1.0000
    4.2932    1.9438   -1.0000
    4.0112    1.9253   -1.0000
    4.4825    3.7870   -1.0000
    4.2430    2.8495   -1.0000
    2.7232    1.4636   -1.0000
    4.4088    3.6109   -1.0000
    4.1842    1.8512   -1.0000
    3.8448    2.4191   -1.0000
    4.2908    3.2353   -1.0000
    2.8976   -0.4517   -1.0000
    3.7338    1.4424   -1.0000
    3.1400    0.1590   -1.0000
    4.2795    2.2054   -1.0000
    4.3155    1.0375   -1.0000
    4.0421    0.9032   -1.0000
    4.1107    1.1390   -1.0000
    3.9784    1.0993   -1.0000
    3.3623    1.2329   -1.0000
    4.3204    3.4888   -1.0000
    5.5427    3.7605   -1.0000
    4.4033    1.7498   -1.0000
    4.8531    2.4112   -1.0000
    4.5475    1.5134   -1.0000
    5.0836    3.3440   -1.0000
    4.6381    3.4879   -1.0000
    3.3895    1.1413   -1.0000
    4.5152    3.4682   -1.0000
    4.5203    2.2182   -1.0000
    5.0780    2.6208   -1.0000
    4.4594    3.1380   -1.0000
    4.0634    2.3307   -1.0000
    4.1999    2.4706   -1.0000
    4.3570    1.7151   -1.0000
    4.8836    2.1272   -1.0000
    3.1215    1.5339   -1.0000
    3.7022    0.7987   -1.0000
    4.3893    1.6791   -1.0000
    3.5718    1.5466   -1.0000
    3.8355    2.0420   -1.0000
    4.3008    2.2849   -1.0000
    4.3175    2.5734   -1.0000
    3.6021    0.7159   -1.0000
    4.7174    1.7493   -1.0000
    3.9943    1.7410   -1.0000
    3.1221    1.1659   -1.0000
    4.3298    2.1166   -1.0000
    4.7040    2.5658   -1.0000
    4.3126    3.3507   -1.0000
    5.2843    3.5429   -1.0000
    4.2868    1.6822   -1.0000
    4.6457    2.5454   -1.0000
    4.8348    1.9808   -1.0000
    4.5795    2.7640   -1.0000
    3.3248    2.7641   -1.0000
    4.3877    2.6930   -1.0000
    4.2081    2.9376   -1.0000
    4.3358    2.7918   -1.0000
    3.8210    3.3761   -1.0000
    3.7716    2.7755   -1.0000
    4.3421    2.3775   -1.0000
    4.4452    2.5097   -1.0000
    4.3404    3.0326   -1.0000
    4.2074    1.9791   -1.0000
    3.9710    1.5509   -1.0000
    2.9252    0.7948   -1.0000
    3.9013    0.7821   -1.0000
    3.7699    2.3949   -1.0000
    5.0687    3.2875   -1.0000
    5.0169    2.9927   -1.0000
    4.7041    2.3300   -1.0000
    4.1668    1.2416   -1.0000
    4.5298    3.3852   -1.0000
    2.8346   -0.2745   -1.0000
    3.8501    2.4722   -1.0000
    4.2570    2.4494   -1.0000
    4.4711    1.7806   -1.0000
    4.1665    2.0381   -1.0000
    3.6955    2.6491   -1.0000
